Validation Accuracy: 80.58%
              precision    recall  f1-score   support

           0       0.47      1.00      0.63        20
           1       0.86      0.90      0.88        20
           2       0.61      0.70      0.65        20
           3       1.00      0.85      0.92        20
           4       1.00      0.90      0.95        20
           5       0.77      0.85      0.81        20
           6       0.74      0.85      0.79        20
           7       0.77      0.85      0.81        20
           8       1.00      0.95      0.97        20
           9       1.00      0.80      0.89        20
          10       0.88      0.75      0.81        20
          11       0.94      0.80      0.86        20
          12       0.85      0.89      0.87        19
          13       0.95      0.95      0.95        19
          14       0.77      0.85      0.81        20
          15       0.95      0.95      0.95        20
          16       0.95      0.90      0.92        20
          17       0.94      0.85      0.89        20
          18       0.80      0.80      0.80        20
          19       0.75      0.60      0.67        20
          20       0.75      0.79      0.77        19
          21       0.73      0.80      0.76        20
          22       0.78      0.90      0.84        20
          23       0.86      0.90      0.88        20
          24       0.78      0.70      0.74        20
          25       0.94      0.85      0.89        20
          26       0.76      0.80      0.78        20
          27       0.76      0.65      0.70        20
          28       0.86      0.90      0.88        20
          29       0.79      0.75      0.77        20
          30       0.75      0.75      0.75        20
          31       0.64      0.70      0.67        20
          32       0.95      0.90      0.92        20
          33       0.62      0.65      0.63        20
          34       0.94      0.85      0.89        20
          35       0.76      0.80      0.78        20
          36       1.00      0.95      0.97        20
          37       0.86      0.90      0.88        20
          38       0.89      0.85      0.87        20
          39       0.82      0.90      0.86        20
          40       0.68      0.85      0.76        20
          41       1.00      0.65      0.79        20
          42       0.67      0.50      0.57        20
          43       0.63      0.95      0.76        20
          44       0.79      0.75      0.77        20
          45       0.94      0.80      0.86        20
          46       1.00      0.75      0.86        20
          47       0.89      0.85      0.87        20
          48       0.91      1.00      0.95        20
          49       0.89      0.85      0.87        20
          50       0.74      0.89      0.81        19
          51       1.00      0.74      0.85        19
          52       0.88      0.75      0.81        20
          53       0.72      0.90      0.80        20
          54       0.85      0.85      0.85        20
          55       0.88      0.75      0.81        20
          56       0.82      0.70      0.76        20
          57       0.60      0.60      0.60        20
          58       0.71      0.85      0.77        20
          59       0.79      0.75      0.77        20
          60       0.90      0.95      0.93        20
          61       1.00      0.95      0.97        20
          62       0.89      0.80      0.84        20
          63       0.79      0.55      0.65        20
          64       0.64      0.80      0.71        20
          65       0.74      0.70      0.72        20
          66       1.00      0.85      0.92        20
          67       0.94      0.75      0.83        20
          68       0.95      0.95      0.95        20
          69       0.58      0.70      0.64        20
          70       0.77      0.85      0.81        20
          71       0.95      0.95      0.95        19
          72       0.84      0.80      0.82        20
          73       0.94      0.75      0.83        20
          74       0.73      0.95      0.83        20
          75       0.83      0.75      0.79        20
          76       0.94      0.85      0.89        20
          77       0.85      0.55      0.67        20
          78       0.79      0.75      0.77        20
          79       1.00      0.80      0.89        20
          80       0.85      0.85      0.85        20
          81       0.94      0.80      0.86        20
          82       1.00      0.95      0.97        20
          83       0.46      0.60      0.52        20
          84       0.47      0.90      0.62        20
          85       0.61      0.70      0.65        20
          86       0.85      0.89      0.87        19
          87       0.79      0.95      0.86        20
          88       0.67      0.80      0.73        20
          89       0.94      0.85      0.89        20
          90       0.77      0.50      0.61        20
          91       0.71      0.75      0.73        20
          92       0.75      0.75      0.75        20
          93       0.90      0.95      0.93        20
          94       0.75      0.60      0.67        20
          95       0.88      0.70      0.78        20
          96       0.89      0.80      0.84        20
          97       0.76      0.80      0.78        20
          98       0.79      0.55      0.65        20
          99       0.86      0.90      0.88        20

    accuracy                           0.81      1993
   macro avg       0.82      0.81      0.81      1993
weighted avg       0.82      0.81      0.81      1993
